 [array([ 141.70679 ,  178.98703 ,  214.2706  ,  885.5386  ,  541.76984 ,
       1032.1119  , 1010.2146  ,  351.91348 , 1743.579   ,  355.82996 ,
        561.83057 ,   82.93258 , 1851.3716  , 1044.9716  ,  380.25333 ,
       1963.1886  ,  989.376   , 1579.2599  ,  527.4463  ,  238.36472 ,
       1615.8113  , 1847.6968  , 1797.4199  ,  230.13872 , 1478.2936  ,
        308.80847 , 1902.9503  , 1956.9849  ,  831.41815 ,  387.83633 ,
        191.42426 ,  338.02084 ,  180.1795  , 1806.0791  ,  347.45746 ,
        661.67316 ,  108.95534 ,  325.83832 , 1017.10925 , 1985.9053  ,
        343.55905 , 2991.7778  ,  363.4976  ,  283.47174 ,  326.967   ,
        963.36615 , 1200.448   , 1012.04016 ,  184.62822 ,  862.22815 ,
        353.6274  ,  376.93195 , 1753.2782  , 3375.3074  , 1020.0161  ,
        800.6851  , 1868.4369  ,  632.1506  , 1986.719   , 1990.5872  ,
        383.9307  , 1829.5155  , 1781.3677  ,  315.76004 ,  180.82675 ,
       1807.1472  , 1510.9731  ,  215.71126 , 1397.3359  , 1516.0468  ,
        123.693474,  661.1873  ,  196.22491 , 1131.0566  ,  185.29227 ,
        149.41321 ,  267.7682  ,  312.39145 ,  231.5975  ,  670.908   ,
        332.4702  ,  681.00574 , 1758.5319  ,  195.89108 ,  152.698   ,
        445.57303 , 1094.4333  ,  169.9258  ,  319.37576 , 1847.6584  ,
        533.7523  ,  185.26855 ,  791.93713 ,  132.12947 ,  955.9385  ,
        267.61993 ,  312.50977 ,  307.87033 ,  209.76111 ,  171.59653 ,
       1978.5519  ,  427.0073  , 1821.6887  ,  348.84955 ,  160.28856 ,
       1577.5288  ,  175.88014 ,  232.7017  ,  436.0008  , 1653.5079  ,
        207.15778 , 3229.9292  , 1486.1283  ,  598.6322  ,  192.42097 ,
       1717.2557  , 1251.656   ,  640.8902  ,  169.5476  ,  142.98848 ,
        443.07605 ,  223.39444 , 2381.7568  ,  331.05685 , 1528.8838  ,
        303.27127 ,  271.47824 ,  375.06644 ,  294.03    , 2577.001   ,
        225.50092 ,  248.90916 , 1821.9642  ,  182.798   ,  210.25125 ,
        147.41997 ,  200.45872 , 1677.3618  , 1755.7764  , 1484.854   ,
        191.27377 , 1818.6895  ,  278.37164 ,  182.3518  ,  226.31725 ,
        788.7426  ,  382.62735 ,   84.24221 , 1682.1382  ,  855.9529  ,
       1764.5543  ,  223.09433 , 1532.4631  ,  604.69336 ,  179.9314  ,
        138.40614 ,  756.0766  ,  320.96204 ,  258.65244 ,  629.8698  ,
        349.5866  ,  172.99591 , 1879.87    ,  754.18134 ,  196.97046 ,
        330.0088  , 3141.84    ,  352.76086 ,  227.75842 ,  203.86693 ,
        157.95384 ,  338.0063  ,  147.21735 ,  259.35767 ,  262.3541  ,
        955.87537 ,  331.78943 ,  194.12541 ,  987.1077  , 1633.7021  ,
        193.76204 ,  582.04333 ,  317.3583  , 1717.0769  ,  763.4053  ,
        174.5422  ,  217.86285 , 2790.9668  ,  368.03467 ,  175.75922 ,
        514.81903 ,  192.28926 , 1972.2443  ,  209.49927 ,  204.07985 ,
        810.5001  , 1722.8933  ,  343.95322 , 1991.9519  , 2604.1448  ,
       1175.1593  ,  322.6382  , 1009.19525 ,  145.00977 ,  203.26476 ,
       1938.7102  ,  382.11975 , 2251.6074  ,  374.37378 , 1817.2006  ,
        173.64868 , 1909.6716  ,  135.26944 ,  260.30563 , 1001.6211  ,
        133.87555 ,  326.9458  ,  192.33156 ,  217.07494 ,  293.9722  ,
        170.36414 ,  691.5762  , 1854.2119  ,  802.78595 ,  320.98444 ,
       3123.6042  ,  260.58047 ,  997.7899  ,  189.20105 ,  314.2796  ,
        557.84186 ,  235.0407  , 1810.2345  ,  279.09457 , 1019.54346 ,
       1780.8932  ,  361.99936 ,  783.1118  ,  353.6407  ,  981.71704 ,
        224.15439 ,  622.2258  , 2485.5708  ,  187.66484 ,  150.4897  ,
        341.96896 ,  347.87982 , 1912.9158  ,  173.90767 , 1567.3684  ,
        139.46283 ,  277.193   , 1418.2068  ,  332.3041  , 1999.2767  ,
        200.65782 ,  425.75797 ,  172.48398 ,  613.07587 ,  116.062   ,
       1881.2532  ,  206.45688 , 1531.8918  ,  197.27171 ,  371.54248 ,
        233.70607 , 1724.2897  ,  394.3462  ,  850.2477  , 2582.4053  ,
        754.9342  , 1903.5571  ,  175.60168 ,  167.29378 ,  886.1041  ,
       1883.0569  ,  328.89804 , 1056.1339  ,  172.16185 ,  349.98468 ,
        129.19707 ,  994.56165 ,  218.15747 ,  634.1506  , 1869.4812  ,
        440.56583 ,  628.4874  ,  141.9567  ,  348.61462 , 3369.9478  ,
       1980.2626  , 1679.3911  ,  179.71063 ,  117.447754, 1209.8674  ,
        348.69128 ,  180.2662  ,  211.04292 ,  108.77581 ,  300.32535 ,
       2414.9734  ,  336.44275 ,  327.06842 ,  342.21228 ,  311.2062  ,
        309.21436 ,  273.7988  ,  201.00194 , 1372.4388  ,  957.72473 ,
        846.12054 ,  144.35556 ,  186.03922 , 3160.1912  , 1842.6263  ,
        236.1655  , 1003.8441  ,  213.42912 , 1006.25323 ,  560.89276 ,
       1126.3347  , 1763.0499  ,  296.04956 ,  337.50565 , 1969.4941  ,
        772.1381  , 1499.1239  ,  346.03812 ,  180.41978 ,  808.2834  ,
        122.58156 ,  124.19824 , 1889.704   ,  994.8143  ,  250.10196 ,
        448.06033 ,  209.68741 ,  238.90771 , 1840.1311  ,  154.89786 ,
        572.1388  ,  668.553   ,  108.99451 , 1804.883   , 1990.2809  ,
        258.7956  ,  293.00198 ,  382.84723 , 1930.0237  ,  350.92908 ,
        538.9178  ,  320.0009  ,  347.12384 ,  199.41066 ,  813.5158  ,
        232.58124 ,  210.70728 , 2487.775   , 3366.703   , 1528.4904  ,
        302.36102 , 1931.476   ,  362.8656  ,  133.0439  , 3228.5532  ,
       1959.2161  ,  335.45496 ,  701.29877 , 1907.5441  ,  195.30696 ,
       1851.1697  , 1764.8657  ,  702.79034 , 1162.5853  ,  188.58446 ,
        360.48843 , 1856.8138  ,  781.47565 ,  819.18256 ,  431.70544 ,
        391.36877 ,  363.24112 , 1039.9082  ,  246.17526 ,  316.6256  ,
        132.00175 , 1539.7933  ,  575.8089  ,  703.2064  ,  214.8045  ,
        325.24716 ,  265.03036 ,  183.56009 , 1882.0778  , 1840.7262  ,
       1110.2645  ,  654.39966 ,  277.97092 ,  626.25134 ,  229.40735 ,
        375.147   ,  357.22867 ,  400.8973  , 1623.6199  ,  110.10341 ,
        350.34164 ,  803.4609  ,  139.27136 ,  138.45148 ,  221.82079 ,
        344.9856  , 1010.8687  ,  183.09763 , 1784.7008  , 1774.4703  ,
       1001.80347 ,  717.5714  ,  637.55725 ,  770.4718  ,  278.97855 ,
       1837.9337  , 2979.9346  ,  406.53845 , 1593.4592  , 1863.9856  ,
        333.78754 ,  253.5406  , 1806.1096  ,  501.62775 ,  180.93678 ,
        318.88846 ,  223.04385 ,  243.54808 ,  126.20936 ,  969.6563  ,
        371.3136  , 3223.6462  , 1823.4302  , 1963.8749  ,  223.59433 ,
        545.21063 ,  137.96822 , 3341.529   , 1962.3567  ,  627.4358  ,
        349.9049  , 1014.4019  ,  380.0669  ,  130.17236 ,  645.42004 ,
       1822.9274  ,  190.59811 ,  170.4196  , 1007.1422  ,  171.32509 ,
        773.2959  , 1164.7906  ,  366.76474 ,  785.12    ,  449.5106  ,
        182.25548 , 1149.1384  ,  795.48047 ,  340.76294 ,  196.65277 ,
       3133.241   ,  342.9121  , 1050.5737  , 1997.5414  ,  207.33844 ,
       1351.2653  ,  206.47504 ,  166.15604 , 1547.5763  ,  194.28957 ,
        766.69257 ,  329.83295 , 1682.551   ,  159.06015 ,  304.0891  ,
       1868.1193  , 3205.0906  ,  580.07837 , 1115.6874  , 1787.3236  ,
        390.5661  ,  193.5496  ,  374.2751  ,  248.236   ,  322.52127 ,
        628.26825 ,  214.84006 ,  200.47826 ,  206.06766 ,  414.7903  ,
        186.63748 ,   60.3882  , 1877.8413  ,  191.67218 ,  183.02472 ,
        146.21661 , 1829.3304  ,  198.19327 ,  662.55255 ,  291.44928 ,
        630.35583 ,  644.1533  ,  144.54117 , 1874.081   ,  816.58655 ,
        343.18832 ,  229.83533 ,  121.69356 ,  342.93365 , 1865.3418  ,
       1828.9781  ,  631.70294 ,  791.4697  ,  313.73102 ,  795.9975  ,
        194.49411 , 1528.1315  , 1526.9767  ,  189.19246 , 1008.5379  ,
        530.00525 ,  851.42706 ,  159.45091 , 1357.0437  ,  892.4144  ,
       1427.4662  ,  184.18788 , 2037.5781  , 1249.5828  ,  275.26178 ,
       1651.3318  ,  330.1613  ,  428.41705 ,  795.7782  ,  351.83963 ,
        239.37015 ,  641.01953 ,  273.14807 ,  664.8667  , 1913.6786  ,
       1865.7467  ,  219.00917 ,  997.8545  , 1995.4893  ,  653.4333  ,
        363.73422 , 1402.3469  ,  625.83276 , 1739.3711  , 1290.928   ,
       1016.4888  , 1902.3274  , 1932.655   ,  294.57928 ,  799.81354 ,
        177.6988  ,  319.10004 ,  301.11652 ,  448.2413  ,  226.33842 ,
        488.8495  ,  178.28638 ,  568.66986 ,  277.2993  ,  411.4285  ,
       1982.793   ,  579.18896 , 1002.3258  ,  236.97386 ,  878.10474 ,
        612.0423  ,  562.1103  ,  554.8445  ,  919.71704 , 3355.2017  ,
        155.61221 ,  651.20166 , 1646.2308  , 1996.3503  ,  273.61996 ,
        305.44894 ,  132.02904 ,  193.50336 , 1469.6111  ,  350.70505 ,
        284.78497 ,  980.4845  , 1008.0355  , 2017.1101  , 1014.83307 ,
       1781.8298  ,  176.85495 ,  150.90182 ,  799.406   ,  382.96057 ,
        780.679   , 1854.6188  ,  808.9032  ,  331.64316 , 2213.791   ,
        331.59143 , 1677.5317  , 1755.6925  , 2088.5698  , 1472.8676  ,
        343.67038 ,  381.95502 ,  837.00665 , 1581.3776  ,  210.68219 ,
        787.6163  , 1843.4847  , 1891.7528  ,  187.06456 , 1824.7252  ,
        130.81068 ,  895.1367  ,  210.22205 , 1781.6045  , 3132.7249  ,
       1405.8638  ,  227.06807 ,  336.28827 ,  379.8477  ,  664.78235 ,
       1915.6624  , 1608.2546  ,  385.9619  ,  135.34401 ,  223.26155 ,
        656.11316 ,  198.5597  ,  720.28723 ,  136.11394 , 1851.1207  ,
       1952.872   ,  196.53145 ,  265.67868 ,  362.63794 , 2607.839   ,
        871.09827 ,  673.0767  , 1015.08734 ,  357.90665 ,  180.74046 ,
        332.3301  ,  347.43195 ,  620.80414 , 1745.0468  ,  128.98927 ,
        443.8548  ,  349.82718 , 3161.727   , 2954.837   ,  203.74385 ,
        184.18398 ,  199.86852 ,  329.4761  ,  209.94597 , 1409.3882  ,
        144.94705 , 1717.5371  ,  287.99374 ,  226.48976 ,  376.51245 ,
        166.25417 ,  224.98822 ,  352.09238 ,  335.87268 , 2393.8765  ,
        138.13406 , 1882.2474  ,  125.81563 , 1063.0708  ,  240.64114 ,
        156.85474 ,  193.20067 ,  162.99265 , 1973.5222  ,  226.33652 ,
        340.2075  ,  235.85127 ,  331.82843 ,  198.91296 ,  333.75296 ,
       1038.0896  ,  992.35565 ,  375.08524 , 3172.7886  ,  338.00217 ,
        200.21046 ,  334.36313 , 1646.9725  ,  134.78355 ,  261.16614 ,
        238.16101 , 2093.7925  ,  214.05621 ,  141.48932 , 1213.1528  ,
        379.31372 , 1977.7245  , 3330.9468  ,  194.51057 ,  137.74663 ,
        128.74449 , 3233.474   ,  250.49269 , 1304.7053  ,  130.62392 ,
        339.60278 ,  308.77936 ,  148.50931 ,  304.51434 ,  327.66473 ,
       1758.0897  ,  385.6957  ,  817.81775 , 1996.0182  ,  374.8745  ,
        818.01324 , 1864.108   ,  974.41205 ,  631.21216 ,  199.94902 ,
        164.22823 , 1866.0411  ,  704.06384 ,  714.5583  , 1017.82074 ,
       1729.9064  ,  574.6625  ,  375.3481  , 1027.9927  , 1510.0355  ,
        302.42102 ,  299.5002  ,  178.50655 ,  146.37721 ,  247.10367 ,
        263.53546 ,  254.12698 ,  380.35236 ,  623.17096 , 1598.3849  ,
        205.40797 , 1746.9347  , 3264.85    ,  801.5429  ,  648.0516  ,
        233.50787 , 1552.6293  , 1982.8297  , 1584.0898  ,  636.7501  ,
        312.99304 ,  210.11142 ,  233.76683 ,  190.49516 ,  240.37125 ,
        226.2667  ,  901.29407 ,  385.196   , 1220.7028  ,  282.1014  ,
        204.20808 ,  300.10104 ,  205.70914 , 1858.3778  ,  779.16736 ,
        198.51697 ,   68.12418 ,  183.69145 , 1370.6611  ,  557.61334 ,
       1793.8969  ,  892.7322  ,  610.8166  ,   94.97734 ,  791.2294  ,
        356.01382 , 1795.5345  ,  620.3375  ,  279.99234 ,  368.68262 ,
       1812.6289  ,  153.55336 , 1659.3251  , 1311.2422  , 1598.9172  ,
        181.55574 , 1792.4305  , 1138.7189  ,  142.0061  ,  618.5501  ,
       1833.984   , 1111.5914  ,  229.73798 , 1585.5037  ,  301.04343 ,
        217.03796 ,  159.3712  ,  505.6933  ,  186.7106  , 1021.8619  ,
        192.0076  ,  196.80133 ,  785.6107  , 1004.8191  ,  247.27597 ,
       1824.934   ,  176.32983 ], dtype=float32), array([ 138.89427 ,  175.20328 ,  209.56764 ,  863.3477  ,  528.53485 ,
       1006.1025  ,  984.7757  ,  343.62463 , 1699.0344  ,  347.43912 ,
        548.07294 ,   81.65126 , 1804.0188  , 1018.62714 ,  371.22617 ,
       1912.9227  ,  964.4799  , 1538.9961  ,  514.5845  ,  233.03406 ,
       1574.5953  , 1800.4397  , 1751.4727  ,  225.02235 , 1440.6602  ,
        301.6426  , 1854.2538  , 1906.8806  ,  810.63727 ,  378.61163 ,
        187.31648 ,  330.09396 ,  176.3647  , 1759.9062  ,  339.28473 ,
        645.31445 ,  106.99607 ,  318.2288  ,  991.4907  , 1935.0476  ,
        335.48788 , 2914.715   ,  354.90695 ,  276.96594 ,  319.3281  ,
        939.1477  , 1170.0531  ,  986.5537  ,  180.6975  ,  840.6446  ,
        345.29395 ,  367.99136 , 1708.481   , 3288.2532  ,  994.32184 ,
        780.7049  , 1820.6395  ,  616.561   , 1935.8402  , 1939.6075  ,
        374.80774 , 1782.732   , 1735.8386  ,  308.4131  ,  176.99507 ,
       1760.9465  , 1472.4885  ,  210.97076 , 1361.8116  , 1477.4298  ,
        121.35025 ,  644.84125 ,  191.99208 , 1102.4696  ,  181.34425 ,
        146.3999  ,  261.6715  ,  305.13223 ,  226.44313 ,  654.3087  ,
        324.68793 ,  664.1434  , 1713.5978  ,  191.66695 ,  149.59914 ,
        434.84418 , 1066.8004  ,  166.37811 ,  311.9346  , 1800.4023  ,
        520.7262  ,  181.32115 ,  772.1848  ,  129.56647 ,  931.9135  ,
        261.52713 ,  305.2475  ,  300.7289  ,  205.17563 ,  168.00533 ,
       1927.8859  ,  416.76212 , 1775.1093  ,  340.64053 ,  156.99194 ,
       1537.3102  ,  172.17734 ,  227.51859 ,  425.5213  , 1611.3099  ,
        202.64012 , 3146.6624  , 1448.2908  ,  583.9159  ,  188.28725 ,
       1673.397   , 1219.927   ,  625.07294 ,  166.00977 ,  140.14256 ,
        432.41223 ,  218.45378 , 2320.5867  ,  323.31137 , 1489.9324  ,
        296.24966 ,  265.2849  ,  366.17444 ,  287.24918 , 2510.7441  ,
        220.50539 ,  243.30379 , 1775.3776  ,  178.91496 ,  205.653   ,
        144.4586  ,  196.11559 , 1634.5424  , 1710.914   , 1447.0498  ,
        187.16994 , 1772.1881  ,  271.99872 ,  178.48041 ,  221.30045 ,
        769.0735  ,  373.53836 ,   82.92677 , 1639.1943  ,  834.5328  ,
       1719.4633  ,  218.16148 , 1493.4186  ,  589.8191  ,  176.12303 ,
        135.67961 ,  737.2585  ,  313.47955 ,  252.79324 ,  614.33966 ,
        341.3584  ,  169.36824 , 1831.7748  ,  735.4126  ,  192.7182  ,
        322.29062 , 3060.8682  ,  344.44995 ,  222.70407 ,  199.435   ,
        154.71805 ,  330.07977 ,  144.26126 ,  253.48009 ,  256.3985  ,
        931.85205 ,  324.02487 ,  189.94728 ,  962.2708  , 1592.02    ,
        189.59337 ,  567.75916 ,  309.9697  , 1673.2228  ,  744.39624 ,
        170.87425 ,  213.06631 , 2719.1357  ,  359.32584 ,  172.05956 ,
        502.28613 ,  188.15895 , 1921.7426  ,  204.92061 ,  199.64238 ,
        790.2642  , 1678.8877  ,  335.87177 , 1940.9368  , 2537.181   ,
       1145.4233  ,  315.11206 ,  983.7829  ,  142.11119 ,  198.84851 ,
       1889.082   ,  373.044   , 2193.828   ,  365.49982 , 1770.738   ,
        170.004   , 1860.7999  ,  132.62462 ,  254.40338 ,  976.40607 ,
        131.26706 ,  319.30743 ,  188.20015 ,  212.2989  ,  287.19287 ,
        166.80502 ,  674.4385  , 1806.7852  ,  782.751   ,  313.50137 ,
       3043.1074  ,  254.67107 ,  972.6747  ,  185.1512  ,  306.97122 ,
        544.1882  ,  229.79663 , 1763.9534  ,  272.70282 ,  993.8615  ,
       1735.3765  ,  353.44778 ,  763.5894  ,  345.30685 ,  957.0205  ,
        219.19394 ,  606.8948  , 2421.696   ,  183.65501 ,  147.44836 ,
        333.9392  ,  339.69608 , 1863.9596  ,  170.25624 , 1527.4144  ,
        136.70876 ,  270.8508  , 1382.1388  ,  324.52612 , 1948.0708  ,
        196.30951 ,  415.54532 ,  168.86964 ,  597.9833  ,  113.91759 ,
       1833.122   ,  201.95747 , 1492.862   ,  193.0116  ,  362.74228 ,
        228.49678 , 1680.2477  ,  384.9519  ,  828.9762  , 2516.0076  ,
        736.1459  , 1854.8448  ,  171.90613 ,  163.81465 ,  863.89856 ,
       1834.8787  ,  321.2088  , 1029.4988  ,  168.55591 ,  341.7461  ,
        126.71045 ,  969.5305  ,  213.35324 ,  618.50885 , 1821.6566  ,
        429.96744 ,  612.9933  ,  139.13766 ,  340.41174 , 3283.033   ,
       1929.5519  , 1636.5188  ,  175.90804 ,  115.26724 , 1179.227   ,
        340.4864  ,  176.44913 ,  206.42404 ,  106.82122 ,  293.3805  ,
       2352.9377  ,  328.55698 ,  319.42685 ,  334.1762  ,  303.97787 ,
        302.03793 ,  267.545   ,  196.64465 , 1337.5632  ,  933.65326 ,
        824.9566  ,  141.47403 ,  182.07175 , 3078.741   , 1795.5013  ,
        230.89214 ,  978.57117 ,  208.7481  ,  980.91754 ,  547.1596  ,
       1097.8706  , 1717.9982  ,  289.21613 ,  329.59216 , 1919.064   ,
        752.9016  , 1460.9479  ,  337.90234 ,  176.59871 ,  788.1052  ,
        120.2673  ,  121.841866, 1841.3525  ,  969.77655 ,  244.46552 ,
        437.26666 ,  205.10385 ,  233.5629  , 1793.0712  ,  151.74167 ,
        558.1127  ,  652.0151  ,  107.03422 , 1758.7413  , 1939.3093  ,
        252.93268 ,  286.24792 ,  373.7525  , 1880.6218  ,  342.6659  ,
        525.75714 ,  312.54346 ,  338.95978 ,  195.09483 ,  793.2013  ,
        227.40125 ,  206.09715 , 2423.8425  , 3279.8726  , 1489.5493  ,
        295.36313 , 1882.0364  ,  354.29147 ,  130.45706 , 3145.322   ,
       1909.0537  ,  327.5949  ,  683.9077  , 1858.7279  ,  191.09805 ,
       1803.8221  , 1719.7666  ,  685.3605  , 1133.1768  ,  184.55067 ,
        351.97623 , 1809.3193  ,  761.99585 ,  798.7204  ,  421.33786 ,
        382.05206 ,  354.6572  , 1013.6956  ,  240.64111 ,  309.2561  ,
        129.44208 , 1500.5577  ,  561.68713 ,  685.76575 ,  210.08763 ,
        317.65305 ,  259.005   ,  179.6572  , 1833.925   , 1793.6506  ,
       1082.2191  ,  638.23047 ,  271.60846 ,  610.8154  ,  224.31004 ,
        366.2529  ,  348.80136 ,  391.33237 , 1582.2004  ,  108.11423 ,
        342.09378 ,  783.4083  ,  136.52228 ,  135.72377 ,  216.92113 ,
        336.87726 ,  985.4127  ,  179.20679 , 1739.0848  , 1729.1211  ,
        976.5837  ,  699.7565  ,  621.82684 ,  751.2787  ,  272.5898  ,
       1790.931   , 2903.1804  ,  396.82654 , 1552.8256  , 1816.3042  ,
        325.97092 ,  247.81459 , 1759.9359  ,  489.43854 ,  177.10223 ,
        311.46002 ,  218.11232 ,  238.08238 ,  123.80059 ,  945.274   ,
        362.51938 , 3140.543   , 1776.8053  , 1913.5912  ,  218.64847 ,
        531.886   ,  135.25308 , 3255.3545  , 1912.1125  ,  611.96906 ,
        341.6684  ,  988.85394 ,  371.04462 ,  127.66034 ,  629.48474 ,
       1776.3157  ,  186.51187 ,  166.85905 ,  981.7833  ,  167.74095 ,
        754.02924 , 1135.3247  ,  358.08902 ,  765.5452  ,  438.67917 ,
        178.38658 , 1120.0802  ,  775.6358  ,  332.76462 ,  192.40878 ,
       3052.493   ,  334.8578  , 1024.0834  , 1946.3806  ,  202.81607 ,
       1316.9413  ,  201.97516 ,  162.70656 , 1508.1381  ,  190.10715 ,
        747.5979  ,  322.11935 , 1639.5963  ,  155.79553 ,  297.0462  ,
       1820.3302  , 3122.471   ,  565.8454  , 1087.5007  , 1741.6394  ,
        381.2703  ,  189.38646 ,  365.40372 ,  242.64816 ,  314.99817 ,
        612.77985 ,  210.12227 ,  196.13461 ,  201.5784  ,  404.86343 ,
        182.65442 ,   56.434677, 1829.799   ,  187.55797 ,  179.13577 ,
        143.2866  , 1782.5519  ,  193.90915 ,  646.1709  ,  284.7357  ,
        614.813   ,  628.25104 ,  141.6548  , 1826.1366  ,  796.192   ,
        335.1268  ,  224.72687 ,  119.402435,  334.87875 , 1817.6251  ,
       1782.2087  ,  616.125   ,  771.72955 ,  306.43692 ,  776.13934 ,
        190.30637 , 1489.1998  , 1488.075   ,  185.14284 ,  983.14264 ,
        517.0768  ,  830.12494 ,  156.17612 , 1322.5692  ,  870.04443 ,
       1391.157   ,  180.26863 , 1985.3743  , 1217.9078  ,  268.9699  ,
       1609.1904  ,  322.43915 ,  418.13516 ,  775.9258  ,  343.55273 ,
        234.01329 ,  625.19885 ,  266.91125 ,  648.42474 , 1864.7026  ,
       1818.0194  ,  214.18275 ,  972.7376  , 1944.382   ,  637.28925 ,
        355.13745 , 1366.6921  ,  610.4078  , 1694.9362  , 1258.1759  ,
        990.8864  , 1853.6471  , 1883.1846  ,  287.78415 ,  779.856   ,
        173.94861 ,  311.66608 ,  294.15106 ,  437.44293 ,  221.32108 ,
        476.9932  ,  174.52087 ,  554.73413 ,  270.9543  ,  401.58917 ,
       1932.0164  ,  564.9791  ,  977.0924  ,  231.67944 ,  856.10754 ,
        596.9766  ,  548.3454  ,  541.26886 ,  896.63574 , 3268.6711  ,
        152.43742 ,  635.1158  , 1604.2224  , 1945.2206  ,  267.37085 ,
        298.3706  ,  129.46864 ,  189.34142 , 1432.2039  ,  342.4477  ,
        278.245   ,  955.82007 ,  982.6534  , 1965.4395  ,  989.27386 ,
       1736.2888  ,  173.12674 ,  147.84975 ,  779.45905 ,  373.86288 ,
        761.22    , 1807.1814  ,  788.70886 ,  323.88242 , 2156.9966  ,
        323.83203 , 1634.7079  , 1710.8323  , 2035.0376  , 1435.3755  ,
        335.5963  ,  372.88354 ,  816.08014 , 1541.0587  ,  206.07271 ,
        767.9765  , 1796.3374  , 1843.348   ,  183.07037 , 1778.0667  ,
        128.28204 ,  872.69586 ,  205.62456 , 1736.0693  , 3051.9905  ,
       1370.1173  ,  222.03171 ,  328.4065  ,  370.83115 ,  648.34265 ,
       1866.6346  , 1567.2356  ,  376.78604 ,  132.69725 ,  218.32436 ,
        639.8993  ,  194.26604 ,  702.4015  ,  133.44711 , 1803.7745  ,
       1902.8749  ,  192.29063 ,  259.63644 ,  354.06973 , 2540.7788  ,
        849.28357 ,  656.42096 ,  989.5214  ,  349.46167 ,  176.91104 ,
        324.55148 ,  339.25986 ,  605.5102  , 1700.464   ,  126.50808 ,
        433.17072 ,  341.5927  , 3080.237   , 2878.7368  ,  199.31512 ,
        180.26483 ,  195.54076 ,  321.77182 ,  205.35567 , 1373.5499  ,
        142.05011 , 1673.6709  ,  281.37018 ,  221.46848 ,  367.58276 ,
        162.80214 ,  220.00606 ,  343.7989  ,  328.00177 , 2332.3906  ,
        135.41461 , 1834.0902  ,  123.417114, 1036.2549  ,  235.25117 ,
        153.64757 ,  189.04663 ,  159.62558 , 1922.9872  ,  221.31921 ,
        332.22363 ,  230.58609 ,  324.06287 ,  194.61009 ,  325.93723 ,
       1011.92444 ,  967.38196 ,  366.19275 , 3091.0103  ,  330.07578 ,
        195.87381 ,  326.53152 , 1604.9448  ,  132.1514  ,  255.24146 ,
        232.83566 , 2040.1241  ,  209.35884 ,  138.68246 , 1182.4269  ,
        370.31107 , 1927.08    , 3245.048   ,  190.3224  ,  135.03728 ,
        126.26967 , 3150.115   ,  244.84607 , 1271.5942  ,  128.10013 ,
        331.63467 ,  301.61426 ,  145.51956 ,  297.46036 ,  320.00766 ,
       1713.1671  ,  376.52676 ,  797.3912  , 1944.8971  ,  365.9875  ,
        797.58154 , 1816.4235  ,  949.9059  ,  615.64703 ,  195.61917 ,
        160.82898 , 1818.3062  ,  686.6008  ,  696.82184 ,  992.1837  ,
       1685.7179  ,  560.5706  ,  366.4488  , 1002.0906  , 1471.5753  ,
        295.42157 ,  292.57684 ,  174.73532 ,  143.44301 ,  241.54535 ,
        257.54907 ,  248.38568 ,  371.32263 ,  607.8153  , 1557.6229  ,
        200.9359  , 1702.3027  , 3180.6733  ,  781.54034 ,  632.0478  ,
        228.30374 , 1513.0593  , 1932.0521  , 1543.7002  ,  621.0408  ,
        305.71817 ,  205.51682 ,  228.55595 ,  186.4116  ,  234.98831 ,
        221.2512  ,  878.69275 ,  376.0401  , 1189.7803  ,  275.63132 ,
        199.76727 ,  293.16205 ,  201.22922 , 1810.8425  ,  759.74774 ,
        194.22441 ,   64.31716 ,  179.78514 , 1335.8318  ,  543.96564 ,
       1748.0414  ,  870.3539  ,  595.7828  ,   93.382225,  771.4955  ,
        347.6182  , 1749.6365  ,  605.05566 ,  273.5772  ,  359.9569  ,
       1766.2855  ,  150.4322  , 1616.9755  , 1277.9608  , 1558.1415  ,
        177.70508 , 1746.6133  , 1109.9321  ,  139.18579 ,  603.3148  ,
       1787.0842  , 1083.5115  ,  224.63206 , 1545.0773  ,  294.0799  ,
        212.26291 ,  156.09848 ,  493.3982  ,  182.72563 ,  996.1195  ,
        187.88463 ,  192.55348 ,  766.0232  ,  979.5207  ,  241.71315 ,
       1778.2699  ,  172.61531 ], dtype=float32), array([ 140.41872 ,  177.3179  ,  212.24083 ,  876.6476  ,  536.3926  ,
       1021.72266 , 1000.04926 ,  348.47684 , 1725.9176  ,  352.3533  ,
        556.2482  ,   82.245255, 1832.6084  , 1034.4509  ,  376.527   ,
       1943.2826  ,  979.4236  , 1563.2781  ,  522.2154  ,  236.08867 ,
       1599.4559  , 1828.9712  , 1779.2083  ,  227.94675 , 1463.3438  ,
        305.8124  , 1883.6599  , 1937.1422  ,  823.0803  ,  384.0325  ,
        189.628   ,  334.7262  ,  178.4982  , 1787.7789  ,  344.06638 ,
        655.0704  ,  108.00202 ,  322.66818 , 1006.8734  , 1965.7671  ,
        340.2078  , 2961.3582  ,  359.94254 ,  280.73465 ,  323.78534 ,
        953.6796  , 1188.3383  , 1001.85614 ,  182.90143 ,  853.5754  ,
        350.17325 ,  373.2396  , 1735.5178  , 3340.9678  , 1009.75055 ,
        792.66144 , 1849.4994  ,  625.8495  , 1966.5725  , 1970.401   ,
        380.16678 , 1810.9758  , 1763.3201  ,  312.69293 ,  179.13882 ,
       1788.8362  , 1495.6895  ,  213.66676 , 1383.2136  , 1500.711   ,
        122.58952 ,  654.5894  ,  194.3796  , 1119.6561  ,  183.55869 ,
        148.04636 ,  265.19162 ,  309.35876 ,  229.39062 ,  664.21075 ,
        329.2323  ,  674.20526 , 1740.7178  ,  194.04916 ,  151.29758 ,
        441.17905 , 1083.4072  ,  168.34929 ,  316.2717  , 1828.9332  ,
        528.45703 ,  183.53522 ,  784.00287 ,  130.93929 ,  946.3279  ,
        265.04486 ,  309.47586 ,  304.88385 ,  207.77744 ,  170.00294 ,
       1958.4889  ,  422.8031  , 1803.229   ,  345.4442  ,  158.81055 ,
       1561.5647  ,  174.24277 ,  230.48355 ,  431.70465 , 1636.7672  ,
        205.2007  , 3197.0754  , 1471.0984  ,  592.67377 ,  190.61455 ,
       1699.8635  , 1239.0227  ,  634.4998  ,  167.97496 ,  141.6873  ,
        438.70758 ,  221.27141 , 2357.5725  ,  327.83337 , 1513.4169  ,
        300.33182 ,  268.86374 ,  371.39316 ,  291.185   , 2550.8208  ,
        223.35635 ,  246.52534 , 1803.5017  ,  181.08992 ,  208.26256 ,
        146.0735  ,  198.57013 , 1660.3773  , 1737.9904  , 1469.8373  ,
        189.47906 , 1800.2605  ,  275.68668 ,  180.6483  ,  224.16434 ,
        780.84094 ,  378.87677 ,   83.541504, 1665.1049  ,  847.36426 ,
       1746.6786  ,  220.97437 , 1516.9597  ,  598.673   ,  178.25261 ,
        137.15181 ,  748.50885 ,  317.84174 ,  256.16904 ,  623.59204 ,
        346.17374 ,  171.38803 , 1860.8157  ,  746.63293 ,  195.11751 ,
        326.79605 , 3109.8867  ,  349.31555 ,  225.59077 ,  201.9435  ,
        156.4997  ,  334.7118  ,  145.87294 ,  256.86703 ,  259.83286 ,
        946.2654  ,  328.55847 ,  192.30156 ,  977.1785  , 1617.164   ,
        191.9419  ,  576.2544  ,  314.27484 , 1699.6865  ,  755.76263 ,
        172.9185  ,  215.79637 , 2762.5999  ,  364.43323 ,  174.12308 ,
        509.71725 ,  190.48416 , 1952.2457  ,  207.51826 ,  202.15425 ,
        802.3761  , 1705.4435  ,  340.59793 , 1971.7518  , 2577.6875  ,
       1163.308   ,  319.5008  ,  999.0403  ,  143.68793 ,  201.34747 ,
       1919.0543  ,  378.37436 , 2228.7534  ,  370.70755 , 1798.7867  ,
        172.03412 , 1890.3126  ,  134.04716 ,  257.80533 ,  991.5435  ,
        132.66753 ,  323.76434 ,  190.52603 ,  215.0165  ,  291.12778 ,
        168.78314 ,  684.6677  , 1835.4198  ,  794.7408  ,  317.86392 ,
       3091.8374  ,  258.07736 ,  987.7515  ,  187.42752 ,  311.22763 ,
        552.3003  ,  232.79863 , 1791.8918  ,  276.40222 , 1009.2827  ,
       1762.8505  ,  358.45963 ,  775.26776 ,  350.18637 ,  971.84296 ,
        222.02359 ,  616.0262  , 2460.3254  ,  185.90701 ,  149.11185 ,
        338.63397 ,  344.4844  , 1893.5236  ,  172.29047 , 1551.5082  ,
        138.1977  ,  274.52008 , 1403.8712  ,  329.06787 , 1979.002   ,
        198.7672  ,  421.56653 ,  170.88132 ,  606.9698  ,  115.03604 ,
       1862.1847  ,  204.50697 , 1516.3942  ,  195.41568 ,  367.90518 ,
        231.47765 , 1706.8256  ,  390.47583 ,  841.71735 , 2556.17    ,
        747.3782  , 1884.2606  ,  173.96716 ,  165.74417 ,  877.20734 ,
       1863.9698  ,  325.69662 , 1045.4993  ,  170.56248 ,  346.56775 ,
        128.03685 ,  984.5563  ,  216.08797 ,  627.82904 , 1850.5331  ,
        436.22305 ,  622.2238  ,  140.66608 ,  345.21167 , 3335.6628  ,
       1960.182   , 1662.3859  ,  178.03412 ,  116.40764 , 1197.6613  ,
        345.28757 ,  178.584   ,  209.04614 ,  107.82433 ,  297.41602 ,
       2390.4495  ,  333.16425 ,  323.8857  ,  338.8748  ,  308.18564 ,
        306.21414 ,  271.16058 ,  199.10779 , 1358.571   ,  948.0959  ,
        837.63245 ,  143.0404  ,  184.298   , 3128.0503  , 1823.9526  ,
        233.91193 ,  993.74384 ,  211.40796 ,  996.12836 ,  555.32    ,
       1114.9824  , 1745.1897  ,  293.18393 ,  334.21625 , 1949.5236  ,
        764.4062  , 1483.9613  ,  342.66153 ,  178.73602 ,  800.182   ,
        121.488976,  123.08913 , 1870.549   ,  984.8063  ,  247.70595 ,
        443.64093 ,  207.70448 ,  236.62611 , 1821.4829  ,  153.47495 ,
        566.4511  ,  661.8798  ,  108.040794, 1786.5951  , 1970.098   ,
        256.31073 ,  290.16748 ,  379.0944  , 1910.4565  ,  347.5025  ,
        533.5697  ,  316.8904  ,  343.73615 ,  197.53278 ,  805.36096 ,
        230.3643  ,  208.71393 , 2462.5068  , 3332.451   , 1513.0276  ,
        299.43085 , 1911.8942  ,  359.31702 ,  131.84436 , 3195.7134  ,
       1939.3507  ,  332.18652 ,  694.2909  , 1888.2068  ,  193.47102 ,
       1832.4087  , 1746.9868  ,  695.7673  , 1150.8624  ,  186.81723 ,
        356.96414 , 1837.9951  ,  773.6483  ,  810.9698  ,  427.45322 ,
        387.52884 ,  359.6887  , 1029.4392  ,  243.81938 ,  313.54965 ,
        130.81288 , 1524.215   ,  570.0837  ,  696.1791  ,  212.76927 ,
        322.08307 ,  262.48175 ,  181.84422 , 1863.0009  , 1822.0718  ,
       1099.0765  ,  647.87115 ,  275.29007 ,  620.01056 ,  227.22285 ,
        371.47287 ,  353.73767 ,  396.96    , 1607.1847  ,  109.13836 ,
        346.92108 ,  795.4088  ,  138.00818 ,  137.19669 ,  219.71385 ,
        341.61975 , 1000.69666 ,  181.38649 , 1766.6191  , 1756.4933  ,
        991.72406 ,  710.3972  ,  631.2009  ,  762.7569  ,  276.28738 ,
       1819.308   , 2949.636   ,  402.5435  , 1577.3323  , 1845.0935  ,
        330.53616 ,  251.10945 , 1787.8091  ,  496.66083 ,  179.24773 ,
        315.78937 ,  220.92441 ,  241.21906 ,  125.07969 ,  959.9055  ,
        367.67868 , 3190.8567  , 1804.9528  , 1943.9619  ,  221.46925 ,
        539.79816 ,  136.71835 , 3307.5344  , 1942.4591  ,  621.1829  ,
        346.48877 , 1004.1938  ,  376.3425  ,  129.00218 ,  638.98334 ,
       1804.4551  ,  188.8103  ,  168.83806 ,  997.00824 ,  169.73428 ,
        765.5522  , 1153.0453  ,  363.1763  ,  777.2554  ,  445.0764  ,
        180.55295 , 1137.553   ,  787.50995 ,  337.44028 ,  194.80307 ,
       3101.3755  ,  339.56747 , 1039.9958  , 1977.2843  ,  205.37953 ,
       1337.6139  ,  204.52493 ,  164.61807 , 1531.9185  ,  192.46402 ,
        759.0163  ,  326.62198 , 1665.5134  ,  157.5947  ,  301.1413  ,
       1849.185   , 3172.4907  ,  574.3096  , 1104.444   , 1769.2151  ,
        386.73438 ,  191.73163 ,  370.6099  ,  245.85905 ,  319.38504 ,
        622.0069  ,  212.80447 ,  198.58946 ,  204.12173 ,  410.711   ,
        184.89015 ,   56.921776, 1858.8077  ,  189.8734  ,  181.31432 ,
        144.88245 , 1810.7926  ,  196.32784 ,  655.94073 ,  288.63065 ,
        624.0731  ,  637.7296  ,  143.22412 , 1855.0858  ,  808.4003  ,
        339.84085 ,  227.64645 ,  120.61005 ,  339.58878 , 1846.4359  ,
       1810.4438  ,  625.40643 ,  783.54016 ,  310.68466 ,  788.02167 ,
        192.66647 , 1512.6724  , 1511.5293  ,  187.419   ,  998.38965 ,
        524.7482  ,  842.8847  ,  157.98146 , 1343.3334  ,  883.4531  ,
       1413.0359  ,  182.46559 , 2016.9117  , 1236.9708  ,  272.6086  ,
       1634.6134  ,  326.947   ,  424.19846 ,  787.8047  ,  348.40372 ,
        237.08382 ,  634.6278  ,  270.5165  ,  658.2312  , 1894.2787  ,
       1846.8367  ,  216.93095 ,  987.8155  , 1975.253   ,  646.9147  ,
        360.17676 , 1388.1735  ,  619.59625 , 1721.7528  , 1277.8934  ,
       1006.2593  , 1883.0435  , 1913.061   ,  291.72867 ,  791.79877 ,
        176.04285 ,  315.99878 ,  298.1991  ,  443.82007 ,  224.1853  ,
        484.01315 ,  176.6244  ,  563.0177  ,  274.62527 ,  407.3835  ,
       1962.6866  ,  573.4292  ,  992.241   ,  234.71204 ,  869.2897  ,
        605.9468  ,  556.5251  ,  549.33356 ,  910.4767  , 3321.0674  ,
        154.182   ,  644.7059  , 1629.5646  , 1976.1053  ,  270.98358 ,
        302.4872  ,  130.83989 ,  191.68585 , 1454.75    ,  347.28076 ,
        282.0345  ,  970.623   ,  997.89246 , 1996.653   , 1004.6205  ,
       1763.7776  ,  175.20761 ,  149.51976 ,  791.3954  ,  379.20657 ,
        772.8598  , 1835.8224  ,  800.79553 ,  328.4137  , 2191.3235  ,
        328.3625  , 1660.5455  , 1737.9073  , 2067.3823  , 1457.9733  ,
        340.318   ,  378.2113  ,  828.6117  , 1565.3741  ,  208.68909 ,
        779.72614 , 1824.8022  , 1872.5769  ,  185.31288 , 1806.2345  ,
        129.63399 ,  886.1476  ,  208.23366 , 1763.5546  , 3100.8647  ,
       1391.6543  ,  224.9075  ,  333.01132 ,  376.12552 ,  658.14777 ,
       1896.2422  , 1591.9766  ,  382.17725 ,  134.12097 ,  221.13988 ,
        649.56714 ,  196.6905  ,  713.08527 ,  134.88303 , 1832.3602  ,
       1933.0714  ,  194.683   ,  263.12347 ,  359.09167 , 2581.3438  ,
        862.3548  ,  666.35736 , 1004.87213 ,  354.40872 ,  179.05342 ,
        329.09363 ,  344.0411  ,  614.6191  , 1727.3704  ,  127.831184,
        439.4784  ,  346.41187 , 3129.5706  , 2924.795   ,  201.82167 ,
        182.46172 ,  197.98595 ,  326.2688  ,  207.9604  , 1395.1427  ,
        143.62585 , 1700.142   ,  285.21045 ,  224.3351  ,  372.82437 ,
        164.7152  ,  222.8489  ,  348.6539  ,  332.6     , 2369.5684  ,
        136.8825  , 1863.1687  ,  124.68998 , 1052.3652  ,  238.34183 ,
        155.41182 ,  191.38626 ,  161.487   , 1953.5106  ,  224.18341 ,
        336.8905  ,  233.60092 ,  328.59708 ,  197.04016 ,  330.50192 ,
       1027.6393  ,  982.3728  ,  371.41174 , 3140.5188  ,  334.7077  ,
        198.32442 ,  331.10587 , 1630.2987  ,  133.56624 ,  258.65704 ,
        235.88705 , 2072.5515  ,  212.02863 ,  140.20348 , 1200.9131  ,
        375.59702 , 1957.6699  , 3297.0603  ,  192.68279 ,  136.49902 ,
        127.5889  , 3200.5842  ,  248.09268 , 1291.5298  ,  129.44911 ,
        336.29196 ,  305.78357 ,  147.1517  ,  301.56216 ,  324.47595 ,
       1740.2802  ,  381.91376 ,  809.61896 , 1975.7766  ,  371.20316 ,
        809.81244 , 1845.2148  ,  964.6127  ,  624.9207  ,  198.06564 ,
        162.70996 , 1847.128   ,  697.0278  ,  707.4149  , 1007.57764 ,
       1712.3848  ,  568.94904 ,  371.67194 , 1017.64557 , 1494.7614  ,
        299.49023 ,  296.59927 ,  176.84233 ,  145.0414  ,  244.73831 ,
        261.00214 ,  251.68983 ,  376.62503 ,  616.9617  , 1582.2076  ,
        203.46878 , 1729.239   , 3231.6394  ,  793.51044 ,  641.588   ,
        231.28146 , 1536.9197  , 1962.7229  , 1568.0587  ,  630.40204 ,
        309.9542  ,  208.12416 ,  231.53778 ,  188.70842 ,  238.07469 ,
        224.1143  ,  892.24194 ,  381.4192  , 1208.386   ,  279.37833 ,
        202.28116 ,  297.194   ,  203.76686 , 1839.5431  ,  771.3636  ,
        196.64821 ,   64.90005 ,  181.97424 , 1356.8115  ,  552.07416 ,
       1775.7212  ,  883.76764 ,  604.7336  ,   94.1669  ,  783.3023  ,
        352.53528 , 1777.3422  ,  614.15717 ,  277.29083 ,  365.07455 ,
       1794.2618  ,  152.1442  , 1642.5249  , 1297.9999  , 1582.7346  ,
        179.86037 , 1774.2699  , 1127.24    ,  140.71498 ,  612.38806 ,
       1815.3986  , 1100.3899  ,  227.55011 , 1569.4581  ,  298.12674 ,
        214.9799  ,  157.90257 ,  500.6848  ,  184.96254 , 1011.57745 ,
        190.20538 ,  194.95012 ,  777.7411  ,  994.70886 ,  244.90884 ,
       1806.441   ,  174.68787 ], dtype=float32), array([ 139.51035 ,  176.05634 ,  210.64499 ,  868.6922  ,  531.69403 ,
       1012.37866 ,  990.91266 ,  345.57697 , 1709.8331  ,  349.41632 ,
        551.3596  ,   81.893715, 1815.5028  , 1024.9851  ,  373.35864 ,
       1925.1176  ,  970.48444 , 1548.7504  ,  517.6526  ,  234.26457 ,
       1584.5819  , 1811.9004  , 1762.6138  ,  226.20058 , 1449.7726  ,
        303.32092 , 1866.0657  , 1919.036   ,  815.63763 ,  380.79233 ,
        188.24861 ,  331.95798 ,  177.22533 , 1771.1023  ,  341.20874 ,
        649.23584 ,  107.40394 ,  320.01538 ,  997.6715  , 1947.3868  ,
        337.3871  , 2933.4485  ,  356.93292 ,  278.48322 ,  321.12183 ,
        944.9869  , 1177.3993  ,  992.7023  ,  181.58641 ,  845.8408  ,
        347.25714 ,  370.1027  , 1719.3414  , 3309.4246  , 1000.5211  ,
        785.50995 , 1832.2319  ,  620.2947  , 1948.1846  , 1951.9764  ,
        376.9636  , 1794.0771  , 1746.8776  ,  310.1356  ,  177.85982 ,
       1772.1494  , 1481.8086  ,  212.05727 , 1370.4094  , 1486.7822  ,
        121.85181 ,  648.7595  ,  192.95471 , 1109.3746  ,  182.23738 ,
        147.06497 ,  263.08893 ,  306.8333  ,  227.63063 ,  658.28876 ,
        326.51666 ,  668.1876  , 1724.4916  ,  192.62746 ,  150.28508 ,
        437.39188 , 1073.4727  ,  167.17357 ,  313.68008 , 1811.8628  ,
        523.8344  ,  182.21414 ,  776.93427 ,  130.12164 ,  937.7055  ,
        262.9436  ,  306.9493  ,  302.40125 ,  206.22432 ,  168.8114  ,
       1940.1783  ,  419.1918  , 1786.4045  ,  342.57336 ,  157.72614 ,
       1547.0535  ,  173.01064 ,  228.71309 ,  428.00815 , 1621.5361  ,
        203.67226 , 3166.9094  , 1457.453   ,  587.4365  ,  189.22571 ,
       1684.0284  , 1227.5988  ,  628.86224 ,  166.80283 ,  140.76678 ,
        434.94406 ,  219.58913 , 2335.4421  ,  325.13113 , 1499.3665  ,
        297.8928  ,  266.72592 ,  368.27393 ,  288.83353 , 2526.8408  ,
        221.65413 ,  244.60133 , 1786.6746  ,  179.79225 ,  206.7048  ,
        145.111   ,  197.10513 , 1644.9202  , 1721.7903  , 1456.2039  ,
        188.10109 , 1783.4644  ,  273.48355 ,  179.35484 ,  222.45436 ,
        773.8026  ,  375.6859  ,   83.17755 , 1649.6025  ,  839.68915 ,
       1730.3954  ,  219.29492 , 1502.8754  ,  593.37823 ,  176.9821  ,
        136.2747  ,  741.77997 ,  315.2351  ,  254.15273 ,  618.05884 ,
        343.29593 ,  170.18321 , 1843.44    ,  739.922   ,  193.68558 ,
        324.1037  , 3080.5554  ,  346.40765 ,  223.86716 ,  200.44621 ,
        155.4374  ,  331.9437  ,  144.91237 ,  254.84406 ,  257.78146 ,
        937.6436  ,  325.84927 ,  190.89658 ,  968.26086 , 1602.1204  ,
        190.54036 ,  571.1743  ,  311.70236 , 1683.8531  ,  748.9643  ,
        171.69905 ,  214.1665  , 2736.5928  ,  361.38065 ,  172.89209 ,
        505.27402 ,  189.09657 , 1933.9949  ,  205.96764 ,  200.65495 ,
        795.13165 , 1689.5549  ,  337.7735  , 1953.3143  , 2553.4502  ,
       1152.6088  ,  316.87827 ,  989.9134  ,  142.74826 ,  199.8559  ,
       1901.1212  ,  375.18832 , 2207.856   ,  367.5949  , 1782.0048  ,
        170.82312 , 1872.6545  ,  133.19977 ,  255.77338 ,  982.4884  ,
        131.83334 ,  321.101   ,  189.13803 ,  213.39409 ,  288.77686 ,
        167.60327 ,  678.5499  , 1818.2871  ,  787.5694  ,  315.2571  ,
       3062.6787  ,  256.0428  ,  978.73267 ,  186.06918 ,  308.68433 ,
        547.44946 ,  231.00601 , 1775.1759  ,  274.19223 , 1000.0578  ,
       1746.4125  ,  355.4642  ,  768.2827  ,  347.27014 ,  962.9764  ,
        220.3341  ,  610.5654  , 2437.2114  ,  184.56325 ,  148.12027 ,
        335.82834 ,  341.62274 , 1875.8348  ,  171.07701 , 1537.0931  ,
        137.31058 ,  272.32812 , 1390.8693  ,  326.3538  , 1960.495   ,
        197.30032 ,  417.96707 ,  169.68137 ,  601.5957  ,  114.370636,
       1844.7959  ,  202.98515 , 1502.3152  ,  193.9809  ,  364.81937 ,
        229.69768 , 1690.9238  ,  387.17398 ,  834.0963  , 2532.1387  ,
        740.6601  , 1866.6605  ,  172.73767 ,  164.59338 ,  869.2466  ,
       1846.564   ,  323.0148  , 1035.9276  ,  169.36559 ,  343.68616 ,
        127.246994,  975.568   ,  214.4553  ,  622.2553  , 1833.2557  ,
        432.4833  ,  616.70374 ,  139.75533 ,  342.34308 , 3304.1704  ,
       1941.8552  , 1646.9095  ,  176.76569 ,  115.7291  , 1186.6332  ,
        342.41824 ,  177.31032 ,  207.48088 ,  107.22795 ,  295.00488 ,
       2368.0044  ,  330.41095 ,  321.22125 ,  336.06683 ,  305.67145 ,
        303.7188  ,  269.00076 ,  197.63765 , 1346.0028  ,  939.4566  ,
        830.0505  ,  142.10695 ,  182.96964 , 3098.545   , 1806.9298  ,
        232.10866 ,  984.66766 ,  209.82008 ,  987.0293  ,  550.4403  ,
       1104.7456  , 1728.9207  ,  290.81332 ,  331.45288 , 1931.2988  ,
        757.52515 , 1470.1927  ,  339.81732 ,  177.46088 ,  792.95856 ,
        120.761795,  122.346634, 1853.0802  ,  975.8156  ,  245.77063 ,
        439.83017 ,  206.15205 ,  234.79686 , 1804.4836  ,  152.4416  ,
        561.4649  ,  655.98016 ,  107.442345, 1769.9298  , 1951.6763  ,
        254.29306 ,  287.82574 ,  375.90146 , 1892.6057  ,  344.61197 ,
        528.8982  ,  314.2929  ,  340.88165 ,  196.07771 ,  798.08795 ,
        228.59499 ,  207.15186 , 2439.372   , 3300.9893  , 1498.9808  ,
        297.00046 , 1894.0295  ,  356.3134  ,  131.01807 , 3165.5605  ,
       1921.2233  ,  329.4426  ,  688.081   , 1870.569   ,  192.05484 ,
       1815.3049  , 1730.7007  ,  689.5432  , 1140.2823  ,  185.46474 ,
        353.98306 , 1820.8379  ,  766.6788  ,  803.643   ,  423.79742 ,
        384.2552  ,  356.68152 , 1020.0213  ,  241.92128 ,  310.9841  ,
        129.99644 , 1510.061   ,  565.0627  ,  689.9511  ,  211.16837 ,
        319.43585 ,  260.40503 ,  180.53932 , 1845.6042  , 1805.067   ,
       1088.992   ,  642.1056  ,  273.09073 ,  614.5116  ,  225.48361 ,
        368.3529  ,  350.78748 ,  393.59607 , 1592.2367  ,  108.5294  ,
        344.0361  ,  788.231   ,  137.12288 ,  136.31915 ,  218.04648 ,
        338.78552 ,  991.5539  ,  180.08598 , 1750.145   , 1740.1162  ,
        982.6672  ,  704.03314 ,  625.5949  ,  755.89166 ,  274.0785  ,
       1802.3296  , 2921.8386  ,  399.1261  , 1562.67    , 1827.8684  ,
        327.808   ,  249.14157 , 1771.1322  ,  492.34256 ,  177.96768 ,
        313.2024  ,  219.24545 ,  239.34584 ,  124.318146,  951.1532  ,
        364.595   , 3160.7502  , 1788.1117  , 1925.7903  ,  219.78508 ,
        535.067   ,  135.8454  , 3276.3113  , 1924.302   ,  615.6728  ,
        343.60794 ,  995.0175  ,  373.1759  ,  128.20308 ,  633.3028  ,
       1787.6189  ,  187.43874 ,  167.65765 ,  987.90076 ,  168.5453  ,
        758.66016 , 1142.4442  ,  360.13574 ,  770.25134 ,  441.2519  ,
        179.26042 , 1127.1002  ,  780.4078  ,  334.64606 ,  193.37415 ,
       3072.1255  ,  336.7529  , 1030.4768  , 1958.7938  ,  203.84937 ,
       1325.2462  ,  203.00296 ,  163.47806 , 1517.6909  ,  191.05748 ,
        752.1869  ,  323.9313  , 1650.0072  ,  156.52191 ,  298.69452 ,
       1831.9207  , 3142.56    ,  569.24805 , 1094.3081  , 1752.7162  ,
        383.46832 ,  190.33209 ,  367.49817 ,  243.94144 ,  316.76364 ,
        616.48883 ,  211.20323 ,  197.1243  ,  202.6036  ,  407.21542 ,
        183.5561  ,   59.453796, 1841.4512  ,  188.49165 ,  180.0145  ,
        143.93134 , 1793.8958  ,  194.88431 ,  650.0979  ,  286.30362 ,
        618.5353  ,  632.06104 ,  142.2889  , 1837.765   ,  801.09814 ,
        337.02365 ,  225.90315 ,  119.89128 ,  336.774   , 1829.1979  ,
       1793.5504  ,  619.8559  ,  776.476   ,  308.1465  ,  780.9146  ,
        191.258   , 1498.629   , 1497.497   ,  186.06076 ,  989.269   ,
        520.16113 ,  835.2525  ,  156.90498 , 1330.9109  ,  875.4326  ,
       1399.9463  ,  181.15475 , 1998.042   , 1225.5664  ,  270.43497 ,
       1619.4028  ,  324.2532  ,  420.5738  ,  780.69965 ,  345.50458 ,
        235.2502  ,  628.98895 ,  268.36285 ,  652.36646 , 1876.5826  ,
       1829.5948  ,  215.29022 ,  978.796   , 1956.782   ,  641.15826 ,
        357.16492 , 1375.3218  ,  614.1013  , 1705.7083  , 1266.0973  ,
        997.0633  , 1865.4551  , 1895.1853  ,  289.37198 ,  784.6555  ,
        174.79349 ,  313.4098  ,  295.7805  ,  440.0076  ,  222.47513 ,
        479.81598 ,  175.36948 ,  558.0643  ,  272.4323  ,  403.91983 ,
       1944.3358  ,  568.37616 ,  983.1792  ,  232.90111 ,  861.4047  ,
        600.58246 ,  551.63385 ,  544.51117 ,  902.19745 , 3289.7146  ,
        153.14189 ,  638.9706  , 1614.4023  , 1957.6261  ,  268.82547 ,
        300.02756 ,  130.0232  ,  190.28676 , 1441.2611  ,  344.39233 ,
        279.7706  ,  961.76807 ,  988.7765  , 1977.977   ,  995.4402  ,
       1747.3307  ,  173.96625 ,  148.52428 ,  784.256   ,  376.01257 ,
        765.8979  , 1818.6859  ,  793.56616 ,  325.70587 , 2170.7844  ,
        325.65515 , 1645.0868  , 1721.7081  , 2048.0295  , 1444.4535  ,
        337.49622 ,  375.02682 ,  821.1161  , 1550.8264  ,  207.12724 ,
        772.6985  , 1807.7712  , 1855.0887  ,  183.97478 , 1789.3812  ,
        128.82884 ,  878.1013  ,  206.67618 , 1747.1099  , 3071.6196  ,
       1378.7693  ,  223.19041 ,  330.2595  ,  372.96103 ,  652.2838  ,
       1878.5273  , 1577.1741  ,  378.9548  ,  133.27287 ,  219.45886 ,
        643.78534 ,  195.24352 ,  706.69543 ,  134.02763 , 1815.257   ,
       1915.004   ,  193.25522 ,  261.0406  ,  356.0902  , 2557.0715  ,
        854.53625 ,  660.4148  ,  995.6894  ,  351.4521  ,  177.77524 ,
        326.3793  ,  341.1837  ,  609.17175 , 1711.2721  ,  127.043304,
        435.7075  ,  343.53177 , 3100.0508  , 2897.2354  ,  200.32556 ,
        181.15092 ,  196.52655 ,  323.58148 ,  206.40553 , 1382.2244  ,
        142.68678 , 1684.3042  ,  282.91617 ,  222.62349 ,  369.69147 ,
        163.57425 ,  221.15154 ,  345.75232 ,  329.8521  , 2347.323   ,
        136.00798 , 1845.7705  ,  123.93217 , 1042.7278  ,  236.49615 ,
        154.35994 ,  189.99004 ,  160.37697 , 1935.2477  ,  222.47327 ,
        334.10153 ,  231.80063 ,  325.8875  ,  195.58981 ,  327.7741  ,
       1018.2386  ,  973.40546 ,  368.29236 , 3110.8943  ,  331.93967 ,
        196.86177 ,  328.37228 , 1615.1295  ,  132.72345 ,  256.6169  ,
        234.06487 , 2053.1492  ,  210.43481 ,  139.29715 , 1189.8539  ,
        372.43756 , 1939.3672  , 3265.9375  ,  191.27414 ,  135.62817 ,
        126.80334 , 3170.3845  ,  246.15367 , 1279.6033  ,  128.64574 ,
        333.50873 ,  303.29236 ,  146.17888 ,  299.11136 ,  321.80582 ,
       1724.0582  ,  378.69385 ,  802.3051  , 1957.3005  ,  368.08575 ,
        802.49677 , 1827.9884  ,  955.81525 ,  619.37476 ,  196.60548 ,
        161.58821 , 1829.8834  ,  690.7916  ,  701.07935 ,  998.369   ,
       1696.4298  ,  563.93884 ,  368.55008 , 1008.3406  , 1480.8895  ,
        297.05927 ,  294.19598 ,  175.58533 ,  144.08878 ,  242.8314  ,
        258.93958 ,  249.71638 ,  373.45575 ,  611.49194 , 1567.4987  ,
        201.95691 , 1713.1228  , 3201.1426  ,  786.3508  ,  635.88257 ,
        229.50337 , 1522.6443  , 1944.3718  , 1553.4852  ,  624.8037  ,
        307.42307 ,  206.56772 ,  229.75723 ,  187.33781 ,  236.23158 ,
        222.40482 ,  884.1373  ,  378.204   , 1197.2552  ,  277.13986 ,
        200.78065 ,  294.785   ,  202.25214 , 1822.371   ,  764.41595 ,
        195.20163 ,   67.07368 ,  180.6681  , 1344.26    ,  547.2255  ,
       1759.16    ,  875.7441  ,  599.38086 ,   93.70124 ,  776.2404  ,
        349.59656 , 1760.7655  ,  608.7143  ,  275.07233 ,  362.01584 ,
       1777.5232  ,  151.12358 , 1627.2386  , 1286.0114  , 1568.0206  ,
        178.57446 , 1757.7225  , 1116.886   ,  139.80377 ,  606.9621  ,
       1798.4576  , 1090.2928  ,  225.80774 , 1554.8712  ,  295.70883 ,
        213.35785 ,  156.82684 ,  496.32806 ,  183.62779 , 1002.33057 ,
        188.82047 ,  193.51979 ,  770.7324  ,  985.6234  ,  243.00032 ,
       1789.5858  ,  173.45148 ], dtype=float32)]
